frequent item set:
66 Sup:3021
62 Sup:3060
60 Sup:3149
58 Sup:3195
56 Sup:3021
52 Sup:3185
48 Sup:3013
40 Sup:3170
36 Sup:3099
34 Sup:3040
29 Sup:3181
7 Sup:3076
5 Sup:2971
62,66 Sup:2892
60,62 Sup:3014
60,66 Sup:3021
58,62 Sup:3060
58,60 Sup:3148
58,66 Sup:3020
56,62 Sup:2923
56,58 Sup:3020
56,60 Sup:2974
52,62 Sup:3049
52,60 Sup:3138
52,58 Sup:3184
52,56 Sup:3016
52,66 Sup:3010
48,60 Sup:2986
48,58 Sup:3012
48,52 Sup:3002
48,62 Sup:2877
40,52 Sup:3159
40,48 Sup:2987
40,56 Sup:2996
40,58 Sup:3169
40,60 Sup:3124
40,62 Sup:3045
40,66 Sup:2997
36,66 Sup:2924
36,62 Sup:2963
36,60 Sup:3052
36,58 Sup:3098
36,56 Sup:2924
36,52 Sup:3088
36,40 Sup:3073
36,48 Sup:2987
34,66 Sup:2886
34,62 Sup:2913
34,60 Sup:2995
34,58 Sup:3039
34,56 Sup:2884
34,52 Sup:3031
34,36 Sup:2943
34,40 Sup:3017
29,62 Sup:3045
29,60 Sup:3136
29,58 Sup:3180
29,56 Sup:3006
29,52 Sup:3170
29,34 Sup:3036
29,48 Sup:2998
29,36 Sup:3084
29,40 Sup:3155
29,66 Sup:3013
7,29 Sup:3069
7,66 Sup:2906
7,62 Sup:2940
7,40 Sup:3050
7,60 Sup:3031
7,58 Sup:3075
7,48 Sup:2893
7,52 Sup:3065
7,34 Sup:2930
7,36 Sup:2979
7,56 Sup:2919
5,29 Sup:2964
5,60 Sup:2924
5,58 Sup:2970
5,52 Sup:2960
5,34 Sup:2889
5,40 Sup:2950
60,62,66 Sup:2892
58,62,66 Sup:2892
58,60,62 Sup:3014
58,60,66 Sup:3020
56,58,62 Sup:2923
56,58,60 Sup:2973
56,60,62 Sup:2877
52,62,66 Sup:2881
52,60,62 Sup:3003
52,60,66 Sup:3010
52,58,62 Sup:3049
52,58,60 Sup:3137
52,58,66 Sup:3009
52,56,62 Sup:2918
52,56,58 Sup:3015
52,56,60 Sup:2969
48,58,62 Sup:2877
48,58,60 Sup:2985
48,52,60 Sup:2975
48,52,58 Sup:3001
40,52,62 Sup:3034
40,52,60 Sup:3113
40,52,58 Sup:3158
40,52,56 Sup:2991
40,52,66 Sup:2986
40,48,60 Sup:2961
40,48,58 Sup:2986
40,48,52 Sup:2976
40,56,62 Sup:2909
40,56,58 Sup:2995
40,56,60 Sup:2950
40,58,62 Sup:3045
40,58,60 Sup:3123
40,58,66 Sup:2996
40,60,62 Sup:2999
40,60,66 Sup:2997
40,62,66 Sup:2877
36,60,62 Sup:2917
36,60,66 Sup:2924
36,58,62 Sup:2963
36,58,60 Sup:3051
36,58,66 Sup:2923
36,56,58 Sup:2923
36,56,60 Sup:2877
36,52,62 Sup:2952
36,52,60 Sup:3041
36,52,58 Sup:3087
36,52,56 Sup:2919
36,52,66 Sup:2913
36,40,52 Sup:3062
36,40,48 Sup:2961
36,40,56 Sup:2899
36,40,58 Sup:3072
36,40,60 Sup:3027
36,40,62 Sup:2948
36,40,66 Sup:2900
36,48,60 Sup:2960
36,48,58 Sup:2986
36,48,52 Sup:2976
34,60,66 Sup:2886
34,58,62 Sup:2913
34,58,60 Sup:2994
34,58,66 Sup:2885
34,56,58 Sup:2883
34,52,62 Sup:2904
34,52,60 Sup:2986
34,52,58 Sup:3030
34,52,56 Sup:2879
34,52,66 Sup:2877
34,36,60 Sup:2898
34,36,58 Sup:2942
34,36,52 Sup:2934
34,36,40 Sup:2920
34,40,52 Sup:3008
34,40,58 Sup:3016
34,40,60 Sup:2973
34,40,62 Sup:2901
29,62,66 Sup:2884
29,60,62 Sup:3001
29,60,66 Sup:3013
29,58,62 Sup:3045
29,58,60 Sup:3135
29,58,66 Sup:3012
29,56,62 Sup:2908
29,56,58 Sup:3005
29,56,60 Sup:2961
29,52,62 Sup:3034
29,52,60 Sup:3125
29,52,58 Sup:3169
29,52,56 Sup:3001
29,52,66 Sup:3002
29,34,66 Sup:2882
29,34,62 Sup:2909
29,34,60 Sup:2991
29,34,58 Sup:3035
29,34,56 Sup:2880
29,34,52 Sup:3027
29,34,36 Sup:2939
29,34,40 Sup:3013
29,48,60 Sup:2973
29,48,58 Sup:2997
29,48,52 Sup:2987
29,36,66 Sup:2916
29,36,62 Sup:2948
29,36,60 Sup:3039
29,36,58 Sup:3083
29,36,56 Sup:2909
29,36,52 Sup:3073
29,36,40 Sup:3058
29,36,48 Sup:2972
29,40,52 Sup:3144
29,40,48 Sup:2972
29,40,56 Sup:2981
29,40,58 Sup:3154
29,40,60 Sup:3111
29,40,62 Sup:3030
29,40,66 Sup:2989
7,29,62 Sup:2933
7,29,60 Sup:3024
7,29,58 Sup:3068
7,29,56 Sup:2912
7,29,52 Sup:3058
7,29,34 Sup:2928
7,29,48 Sup:2886
7,29,36 Sup:2972
7,29,40 Sup:3043
7,29,66 Sup:2902
7,40,52 Sup:3039
7,40,56 Sup:2894
7,40,58 Sup:3049
7,40,60 Sup:3006
7,40,62 Sup:2925
7,40,66 Sup:2882
7,60,62 Sup:2896
7,60,66 Sup:2906
7,58,62 Sup:2940
7,58,60 Sup:3030
7,58,66 Sup:2905
7,48,58 Sup:2892
7,48,52 Sup:2882
7,52,62 Sup:2929
7,52,60 Sup:3020
7,52,58 Sup:3064
7,52,56 Sup:2914
7,52,66 Sup:2895
7,34,60 Sup:2885
7,34,58 Sup:2929
7,34,52 Sup:2921
7,34,40 Sup:2907
7,36,60 Sup:2934
7,36,58 Sup:2978
7,36,52 Sup:2968
7,36,40 Sup:2953
7,56,58 Sup:2918
5,29,60 Sup:2919
5,29,58 Sup:2963
5,29,52 Sup:2953
5,29,34 Sup:2885
5,29,40 Sup:2943
5,58,60 Sup:2923
5,52,60 Sup:2913
5,52,58 Sup:2959
5,34,58 Sup:2888
5,34,52 Sup:2880
5,40,52 Sup:2939
5,40,58 Sup:2949
5,40,60 Sup:2904
58,60,62,66 Sup:2892
56,58,60,62 Sup:2877
52,60,62,66 Sup:2881
52,58,62,66 Sup:2881
52,58,60,62 Sup:3003
52,58,60,66 Sup:3009
52,56,58,62 Sup:2918
52,56,58,60 Sup:2968
48,52,58,60 Sup:2974
40,52,60,62 Sup:2988
40,52,60,66 Sup:2986
40,52,58,62 Sup:3034
40,52,58,60 Sup:3112
40,52,58,66 Sup:2985
40,52,56,62 Sup:2904
40,52,56,58 Sup:2990
40,52,56,60 Sup:2945
40,48,58,60 Sup:2960
40,48,52,60 Sup:2950
40,48,52,58 Sup:2975
40,56,58,62 Sup:2909
40,56,58,60 Sup:2949
40,58,62,66 Sup:2877
40,58,60,62 Sup:2999
40,58,60,66 Sup:2996
40,60,62,66 Sup:2877
36,58,60,62 Sup:2917
36,58,60,66 Sup:2923
36,56,58,60 Sup:2876
36,52,60,62 Sup:2906
36,52,60,66 Sup:2913
36,52,58,62 Sup:2952
36,52,58,60 Sup:3040
36,52,58,66 Sup:2912
36,52,56,58 Sup:2918
36,40,52,62 Sup:2937
36,40,52,60 Sup:3016
36,40,52,58 Sup:3061
36,40,52,56 Sup:2894
36,40,52,66 Sup:2889
36,40,48,60 Sup:2935
36,40,48,58 Sup:2960
36,40,48,52 Sup:2950
36,40,56,58 Sup:2898
36,40,58,62 Sup:2948
36,40,58,60 Sup:3026
36,40,58,66 Sup:2899
36,40,60,62 Sup:2902
36,40,60,66 Sup:2900
36,48,58,60 Sup:2959
36,48,52,60 Sup:2949
36,48,52,58 Sup:2975
34,58,60,66 Sup:2885
34,52,60,66 Sup:2877
34,52,58,62 Sup:2904
34,52,58,60 Sup:2985
34,52,58,66 Sup:2876
34,52,56,58 Sup:2878
34,36,58,60 Sup:2897
34,36,52,60 Sup:2889
34,36,52,58 Sup:2933
34,36,40,52 Sup:2911
34,36,40,58 Sup:2919
34,36,40,60 Sup:2876
34,40,52,62 Sup:2892
34,40,52,60 Sup:2964
34,40,52,58 Sup:3007
34,40,58,62 Sup:2901
34,40,58,60 Sup:2972
29,60,62,66 Sup:2884
29,58,62,66 Sup:2884
29,58,60,62 Sup:3001
29,58,60,66 Sup:3012
29,56,58,62 Sup:2908
29,56,58,60 Sup:2960
29,52,60,62 Sup:2990
29,52,60,66 Sup:3002
29,52,58,62 Sup:3034
29,52,58,60 Sup:3124
29,52,58,66 Sup:3001
29,52,56,62 Sup:2903
29,52,56,58 Sup:3000
29,52,56,60 Sup:2956
29,34,60,66 Sup:2882
29,34,58,62 Sup:2909
29,34,58,60 Sup:2990
29,34,58,66 Sup:2881
29,34,56,58 Sup:2879
29,34,52,62 Sup:2900
29,34,52,60 Sup:2982
29,34,52,58 Sup:3026
29,34,36,60 Sup:2894
29,34,36,58 Sup:2938
29,34,36,52 Sup:2930
29,34,36,40 Sup:2916
29,34,40,52 Sup:3004
29,34,40,58 Sup:3012
29,34,40,60 Sup:2969
29,34,40,62 Sup:2897
29,48,58,60 Sup:2972
29,48,52,60 Sup:2962
29,48,52,58 Sup:2986
29,36,60,62 Sup:2904
29,36,60,66 Sup:2916
29,36,58,62 Sup:2948
29,36,58,60 Sup:3038
29,36,58,66 Sup:2915
29,36,56,58 Sup:2908
29,36,52,62 Sup:2937
29,36,52,60 Sup:3028
29,36,52,58 Sup:3072
29,36,52,56 Sup:2904
29,36,52,66 Sup:2905
29,36,40,52 Sup:3047
29,36,40,48 Sup:2946
29,36,40,56 Sup:2884
29,36,40,58 Sup:3057
29,36,40,60 Sup:3014
29,36,40,62 Sup:2933
29,36,40,66 Sup:2892
29,36,48,60 Sup:2947
29,36,48,58 Sup:2971
29,36,48,52 Sup:2961
29,40,52,62 Sup:3019
29,40,52,60 Sup:3100
29,40,52,58 Sup:3143
29,40,52,56 Sup:2976
29,40,52,66 Sup:2978
29,40,48,60 Sup:2948
29,40,48,58 Sup:2971
29,40,48,52 Sup:2961
29,40,56,62 Sup:2894
29,40,56,58 Sup:2980
29,40,56,60 Sup:2937
29,40,58,62 Sup:3030
29,40,58,60 Sup:3110
29,40,58,66 Sup:2988
29,40,60,62 Sup:2986
29,40,60,66 Sup:2989
7,29,60,62 Sup:2889
7,29,60,66 Sup:2902
7,29,58,62 Sup:2933
7,29,58,60 Sup:3023
7,29,58,66 Sup:2901
7,29,56,58 Sup:2911
7,29,52,62 Sup:2922
7,29,52,60 Sup:3013
7,29,52,58 Sup:3057
7,29,52,56 Sup:2907
7,29,52,66 Sup:2891
7,29,34,60 Sup:2883
7,29,34,58 Sup:2927
7,29,34,52 Sup:2919
7,29,34,40 Sup:2905
7,29,48,58 Sup:2885
7,29,36,60 Sup:2927
7,29,36,58 Sup:2971
7,29,36,52 Sup:2961
7,29,36,40 Sup:2946
7,29,40,52 Sup:3032
7,29,40,56 Sup:2887
7,29,40,58 Sup:3042
7,29,40,60 Sup:2999
7,29,40,62 Sup:2918
7,29,40,66 Sup:2878
7,40,52,62 Sup:2914
7,40,52,60 Sup:2995
7,40,52,58 Sup:3038
7,40,52,56 Sup:2889
7,40,56,58 Sup:2893
7,40,58,62 Sup:2925
7,40,58,60 Sup:3005
7,40,58,66 Sup:2881
7,40,60,62 Sup:2881
7,40,60,66 Sup:2882
7,58,60,62 Sup:2896
7,58,60,66 Sup:2905
7,48,52,58 Sup:2881
7,52,60,62 Sup:2885
7,52,60,66 Sup:2895
7,52,58,62 Sup:2929
7,52,58,60 Sup:3019
7,52,58,66 Sup:2894
7,52,56,58 Sup:2913
7,34,58,60 Sup:2884
7,34,52,60 Sup:2876
7,34,52,58 Sup:2920
7,34,40,52 Sup:2898
7,34,40,58 Sup:2906
7,36,58,60 Sup:2933
7,36,52,60 Sup:2923
7,36,52,58 Sup:2967
7,36,40,52 Sup:2942
7,36,40,58 Sup:2952
7,36,40,60 Sup:2909
5,29,58,60 Sup:2918
5,29,52,60 Sup:2908
5,29,52,58 Sup:2952
5,29,34,58 Sup:2884
5,29,34,52 Sup:2876
5,29,40,52 Sup:2932
5,29,40,58 Sup:2942
5,29,40,60 Sup:2899
5,52,58,60 Sup:2912
5,34,52,58 Sup:2879
5,40,52,60 Sup:2893
5,40,52,58 Sup:2938
5,40,58,60 Sup:2903
52,58,60,62,66 Sup:2881
40,52,58,60,62 Sup:2988
40,52,58,60,66 Sup:2985
40,52,56,58,62 Sup:2904
40,52,56,58,60 Sup:2944
40,48,52,58,60 Sup:2949
40,58,60,62,66 Sup:2877
36,52,58,60,62 Sup:2906
36,52,58,60,66 Sup:2912
36,40,52,60,62 Sup:2891
36,40,52,60,66 Sup:2889
36,40,52,58,62 Sup:2937
36,40,52,58,60 Sup:3015
36,40,52,58,66 Sup:2888
36,40,52,56,58 Sup:2893
36,40,48,58,60 Sup:2934
36,40,48,52,60 Sup:2924
36,40,48,52,58 Sup:2949
36,40,58,60,62 Sup:2902
36,40,58,60,66 Sup:2899
36,48,52,58,60 Sup:2948
34,52,58,60,66 Sup:2876
34,36,52,58,60 Sup:2888
34,36,40,52,58 Sup:2910
34,40,52,58,62 Sup:2892
34,40,52,58,60 Sup:2963
29,58,60,62,66 Sup:2884
29,52,58,60,62 Sup:2990
29,52,58,60,66 Sup:3001
29,52,56,58,62 Sup:2903
29,52,56,58,60 Sup:2955
29,34,58,60,66 Sup:2881
29,34,52,58,62 Sup:2900
29,34,52,58,60 Sup:2981
29,34,36,58,60 Sup:2893
29,34,36,52,60 Sup:2885
29,34,36,52,58 Sup:2929
29,34,36,40,52 Sup:2907
29,34,36,40,58 Sup:2915
29,34,40,52,62 Sup:2888
29,34,40,52,60 Sup:2960
29,34,40,52,58 Sup:3003
29,34,40,58,62 Sup:2897
29,34,40,58,60 Sup:2968
29,48,52,58,60 Sup:2961
29,36,58,60,62 Sup:2904
29,36,58,60,66 Sup:2915
29,36,52,60,62 Sup:2893
29,36,52,60,66 Sup:2905
29,36,52,58,62 Sup:2937
29,36,52,58,60 Sup:3027
29,36,52,58,66 Sup:2904
29,36,52,56,58 Sup:2903
29,36,40,52,62 Sup:2922
29,36,40,52,60 Sup:3003
29,36,40,52,58 Sup:3046
29,36,40,52,56 Sup:2879
29,36,40,52,66 Sup:2881
29,36,40,48,60 Sup:2922
29,36,40,48,58 Sup:2945
29,36,40,48,52 Sup:2935
29,36,40,56,58 Sup:2883
29,36,40,58,62 Sup:2933
29,36,40,58,60 Sup:3013
29,36,40,58,66 Sup:2891
29,36,40,60,62 Sup:2889
29,36,40,60,66 Sup:2892
29,36,48,58,60 Sup:2946
29,36,48,52,60 Sup:2936
29,36,48,52,58 Sup:2960
29,40,52,60,62 Sup:2975
29,40,52,60,66 Sup:2978
29,40,52,58,62 Sup:3019
29,40,52,58,60 Sup:3099
29,40,52,58,66 Sup:2977
29,40,52,56,62 Sup:2889
29,40,52,56,58 Sup:2975
29,40,52,56,60 Sup:2932
29,40,48,58,60 Sup:2947
29,40,48,52,60 Sup:2937
29,40,48,52,58 Sup:2960
29,40,56,58,62 Sup:2894
29,40,56,58,60 Sup:2936
29,40,58,60,62 Sup:2986
29,40,58,60,66 Sup:2988
7,29,58,60,62 Sup:2889
7,29,58,60,66 Sup:2901
7,29,52,60,62 Sup:2878
7,29,52,60,66 Sup:2891
7,29,52,58,62 Sup:2922
7,29,52,58,60 Sup:3012
7,29,52,58,66 Sup:2890
7,29,52,56,58 Sup:2906
7,29,34,58,60 Sup:2882
7,29,34,52,58 Sup:2918
7,29,34,40,52 Sup:2896
7,29,34,40,58 Sup:2904
7,29,36,58,60 Sup:2926
7,29,36,52,60 Sup:2916
7,29,36,52,58 Sup:2960
7,29,36,40,52 Sup:2935
7,29,36,40,58 Sup:2945
7,29,36,40,60 Sup:2902
7,29,40,52,62 Sup:2907
7,29,40,52,60 Sup:2988
7,29,40,52,58 Sup:3031
7,29,40,52,56 Sup:2882
7,29,40,56,58 Sup:2886
7,29,40,58,62 Sup:2918
7,29,40,58,60 Sup:2998
7,29,40,58,66 Sup:2877
7,29,40,60,66 Sup:2878
7,40,52,58,62 Sup:2914
7,40,52,58,60 Sup:2994
7,40,52,56,58 Sup:2888
7,40,58,60,62 Sup:2881
7,40,58,60,66 Sup:2881
7,52,58,60,62 Sup:2885
7,52,58,60,66 Sup:2894
7,34,40,52,58 Sup:2897
7,36,52,58,60 Sup:2922
7,36,40,52,60 Sup:2898
7,36,40,52,58 Sup:2941
7,36,40,58,60 Sup:2908
5,29,52,58,60 Sup:2907
5,29,40,52,60 Sup:2888
5,29,40,52,58 Sup:2931
5,29,40,58,60 Sup:2898
5,40,52,58,60 Sup:2892
36,40,52,58,60,62 Sup:2891
36,40,52,58,60,66 Sup:2888
36,40,48,52,58,60 Sup:2923
29,34,36,52,58,60 Sup:2884
29,34,36,40,52,58 Sup:2906
29,34,40,52,58,62 Sup:2888
29,34,40,52,58,60 Sup:2959
29,36,52,58,60,62 Sup:2893
29,36,52,58,60,66 Sup:2904
29,36,40,52,60,62 Sup:2878
29,36,40,52,60,66 Sup:2881
29,36,40,52,58,62 Sup:2922
29,36,40,52,58,60 Sup:3002
29,36,40,52,58,66 Sup:2880
29,36,40,52,56,58 Sup:2878
29,36,40,48,58,60 Sup:2921
29,36,40,48,52,60 Sup:2911
29,36,40,48,52,58 Sup:2934
29,36,40,58,60,62 Sup:2889
29,36,40,58,60,66 Sup:2891
29,36,48,52,58,60 Sup:2935
29,40,52,58,60,62 Sup:2975
29,40,52,58,60,66 Sup:2977
29,40,52,56,58,62 Sup:2889
29,40,52,56,58,60 Sup:2931
29,40,48,52,58,60 Sup:2936
7,29,52,58,60,62 Sup:2878
7,29,52,58,60,66 Sup:2890
7,29,34,40,52,58 Sup:2895
7,29,36,52,58,60 Sup:2915
7,29,36,40,52,60 Sup:2891
7,29,36,40,52,58 Sup:2934
7,29,36,40,58,60 Sup:2901
7,29,40,52,58,62 Sup:2907
7,29,40,52,58,60 Sup:2987
7,29,40,52,56,58 Sup:2881
7,29,40,58,60,66 Sup:2877
7,36,40,52,58,60 Sup:2897
5,29,40,52,58,60 Sup:2887
29,36,40,52,58,60,62 Sup:2878
29,36,40,52,58,60,66 Sup:2880
29,36,40,48,52,58,60 Sup:2910
7,29,36,40,52,58,60 Sup:2890
these are not closed item set As:
 {  66  } -> {  60  66  }  
 {  62  } -> {  58  62  }  
 {  62  66  } -> {  60  62  66  }  
 {  60  62  } -> {  58  60  62  }  
 {  58  66  } -> {  58  60  66  }  
 {  56  62  } -> {  56  58  62  }  
 {  52  62  } -> {  52  58  62  }  
 {  52  66  } -> {  52  60  66  }  
 {  48  62  } -> {  48  58  62  }  
 {  40  62  } -> {  40  58  62  }  
 {  40  66  } -> {  40  60  66  }  
 {  36  66  } -> {  36  60  66  }  
 {  36  62  } -> {  36  58  62  }  
 {  34  66  } -> {  34  60  66  }  
 {  34  62  } -> {  34  58  62  }  
 {  29  62  } -> {  29  58  62  }  
 {  29  66  } -> {  29  60  66  }  
 {  7  66  } -> {  7  60  66  }  
 {  7  62  } -> {  7  58  62  }  
 {  60  62  66  } -> {  58  60  62  66  }  
 {  58  62  66  } -> {  58  60  62  66  }  
 {  56  60  62  } -> {  56  58  60  62  }  
 {  52  62  66  } -> {  52  60  62  66  }  
 {  52  60  62  } -> {  52  58  60  62  }  
 {  52  58  66  } -> {  52  58  60  66  }  
 {  52  56  62  } -> {  52  56  58  62  }  
 {  40  52  62  } -> {  40  52  58  62  }  
 {  40  52  66  } -> {  40  52  60  66  }  
 {  40  56  62  } -> {  40  56  58  62  }  
 {  40  58  66  } -> {  40  58  60  66  }  
 {  40  60  62  } -> {  40  58  60  62  }  
 {  40  62  66  } -> {  40  58  62  66  }  
 {  36  60  62  } -> {  36  58  60  62  }  
 {  36  58  66  } -> {  36  58  60  66  }  
 {  36  52  62  } -> {  36  52  58  62  }  
 {  36  52  66  } -> {  36  52  60  66  }  
 {  36  40  62  } -> {  36  40  58  62  }  
 {  36  40  66  } -> {  36  40  60  66  }  
 {  34  58  66  } -> {  34  58  60  66  }  
 {  34  52  62  } -> {  34  52  58  62  }  
 {  34  52  66  } -> {  34  52  60  66  }  
 {  34  40  62  } -> {  34  40  58  62  }  
 {  29  62  66  } -> {  29  60  62  66  }  
 {  29  60  62  } -> {  29  58  60  62  }  
 {  29  58  66  } -> {  29  58  60  66  }  
 {  29  56  62  } -> {  29  56  58  62  }  
 {  29  52  62  } -> {  29  52  58  62  }  
 {  29  52  66  } -> {  29  52  60  66  }  
 {  29  34  66  } -> {  29  34  60  66  }  
 {  29  34  62  } -> {  29  34  58  62  }  
 {  29  36  66  } -> {  29  36  60  66  }  
 {  29  36  62  } -> {  29  36  58  62  }  
 {  29  40  62  } -> {  29  40  58  62  }  
 {  29  40  66  } -> {  29  40  60  66  }  
 {  7  29  62  } -> {  7  29  58  62  }  
 {  7  29  66  } -> {  7  29  60  66  }  
 {  7  40  62  } -> {  7  40  58  62  }  
 {  7  40  66  } -> {  7  40  60  66  }  
 {  7  60  62  } -> {  7  58  60  62  }  
 {  7  58  66  } -> {  7  58  60  66  }  
 {  7  52  62  } -> {  7  52  58  62  }  
 {  7  52  66  } -> {  7  52  60  66  }  
 {  52  60  62  66  } -> {  52  58  60  62  66  }  
 {  52  58  62  66  } -> {  52  58  60  62  66  }  
 {  40  52  60  62  } -> {  40  52  58  60  62  }  
 {  40  52  58  66  } -> {  40  52  58  60  66  }  
 {  40  52  56  62  } -> {  40  52  56  58  62  }  
 {  40  58  62  66  } -> {  40  58  60  62  66  }  
 {  40  60  62  66  } -> {  40  58  60  62  66  }  
 {  36  52  60  62  } -> {  36  52  58  60  62  }  
 {  36  52  58  66  } -> {  36  52  58  60  66  }  
 {  36  40  52  62  } -> {  36  40  52  58  62  }  
 {  36  40  52  66  } -> {  36  40  52  60  66  }  
 {  36  40  58  66  } -> {  36  40  58  60  66  }  
 {  36  40  60  62  } -> {  36  40  58  60  62  }  
 {  34  52  58  66  } -> {  34  52  58  60  66  }  
 {  34  40  52  62  } -> {  34  40  52  58  62  }  
 {  29  60  62  66  } -> {  29  58  60  62  66  }  
 {  29  58  62  66  } -> {  29  58  60  62  66  }  
 {  29  52  60  62  } -> {  29  52  58  60  62  }  
 {  29  52  58  66  } -> {  29  52  58  60  66  }  
 {  29  52  56  62  } -> {  29  52  56  58  62  }  
 {  29  34  58  66  } -> {  29  34  58  60  66  }  
 {  29  34  52  62  } -> {  29  34  52  58  62  }  
 {  29  34  40  62  } -> {  29  34  40  58  62  }  
 {  29  36  60  62  } -> {  29  36  58  60  62  }  
 {  29  36  58  66  } -> {  29  36  58  60  66  }  
 {  29  36  52  62  } -> {  29  36  52  58  62  }  
 {  29  36  52  66  } -> {  29  36  52  60  66  }  
 {  29  36  40  62  } -> {  29  36  40  58  62  }  
 {  29  36  40  66  } -> {  29  36  40  60  66  }  
 {  29  40  52  62  } -> {  29  40  52  58  62  }  
 {  29  40  52  66  } -> {  29  40  52  60  66  }  
 {  29  40  56  62  } -> {  29  40  56  58  62  }  
 {  29  40  58  66  } -> {  29  40  58  60  66  }  
 {  29  40  60  62  } -> {  29  40  58  60  62  }  
 {  7  29  60  62  } -> {  7  29  58  60  62  }  
 {  7  29  58  66  } -> {  7  29  58  60  66  }  
 {  7  29  52  62  } -> {  7  29  52  58  62  }  
 {  7  29  52  66  } -> {  7  29  52  60  66  }  
 {  7  29  40  62  } -> {  7  29  40  58  62  }  
 {  7  29  40  66  } -> {  7  29  40  60  66  }  
 {  7  40  52  62  } -> {  7  40  52  58  62  }  
 {  7  40  58  66  } -> {  7  40  58  60  66  }  
 {  7  40  60  62  } -> {  7  40  58  60  62  }  
 {  7  52  60  62  } -> {  7  52  58  60  62  }  
 {  7  52  58  66  } -> {  7  52  58  60  66  }  
 {  36  40  52  60  62  } -> {  36  40  52  58  60  62  }  
 {  36  40  52  58  66  } -> {  36  40  52  58  60  66  }  
 {  29  34  40  52  62  } -> {  29  34  40  52  58  62  }  
 {  29  36  52  60  62  } -> {  29  36  52  58  60  62  }  
 {  29  36  52  58  66  } -> {  29  36  52  58  60  66  }  
 {  29  36  40  52  62  } -> {  29  36  40  52  58  62  }  
 {  29  36  40  52  66  } -> {  29  36  40  52  60  66  }  
 {  29  36  40  58  66  } -> {  29  36  40  58  60  66  }  
 {  29  36  40  60  62  } -> {  29  36  40  58  60  62  }  
 {  29  40  52  60  62  } -> {  29  40  52  58  60  62  }  
 {  29  40  52  58  66  } -> {  29  40  52  58  60  66  }  
 {  29  40  52  56  62  } -> {  29  40  52  56  58  62  }  
 {  7  29  52  60  62  } -> {  7  29  52  58  60  62  }  
 {  7  29  52  58  66  } -> {  7  29  52  58  60  66  }  
 {  7  29  40  52  62  } -> {  7  29  40  52  58  62  }  
 {  7  29  40  58  66  } -> {  7  29  40  58  60  66  }  
 {  29  36  40  52  60  62  } -> {  29  36  40  52  58  60  62  }  
 {  29  36  40  52  58  66  } -> {  29  36  40  52  58  60  66  }  
closed_item_set:
 60
 58
 56
 52
 48
 40
 36
 34
 29
 7
 5
 60 66
 58 62
 58 60
 56 58
 56 60
 52 60
 52 58
 52 56
 48 60
 48 58
 48 52
 40 52
 40 48
 40 56
 40 58
 40 60
 36 60
 36 58
 36 56
 36 52
 36 40
 36 48
 34 60
 34 58
 34 56
 34 52
 34 36
 34 40
 29 60
 29 58
 29 56
 29 52
 29 34
 29 48
 29 36
 29 40
 7 29
 7 40
 7 60
 7 58
 7 48
 7 52
 7 34
 7 36
 7 56
 5 29
 5 60
 5 58
 5 52
 5 34
 5 40
 58 60 62
 58 60 66
 56 58 62
 56 58 60
 52 60 66
 52 58 62
 52 58 60
 52 56 58
 52 56 60
 48 58 62
 48 58 60
 48 52 60
 48 52 58
 40 52 60
 40 52 58
 40 52 56
 40 48 60
 40 48 58
 40 48 52
 40 56 58
 40 56 60
 40 58 62
 40 58 60
 40 60 66
 36 60 66
 36 58 62
 36 58 60
 36 56 58
 36 56 60
 36 52 60
 36 52 58
 36 52 56
 36 40 52
 36 40 48
 36 40 56
 36 40 58
 36 40 60
 36 48 60
 36 48 58
 36 48 52
 34 60 66
 34 58 62
 34 58 60
 34 56 58
 34 52 60
 34 52 58
 34 52 56
 34 36 60
 34 36 58
 34 36 52
 34 36 40
 34 40 52
 34 40 58
 34 40 60
 29 60 66
 29 58 62
 29 58 60
 29 56 58
 29 56 60
 29 52 60
 29 52 58
 29 52 56
 29 34 60
 29 34 58
 29 34 56
 29 34 52
 29 34 36
 29 34 40
 29 48 60
 29 48 58
 29 48 52
 29 36 60
 29 36 58
 29 36 56
 29 36 52
 29 36 40
 29 36 48
 29 40 52
 29 40 48
 29 40 56
 29 40 58
 29 40 60
 7 29 60
 7 29 58
 7 29 56
 7 29 52
 7 29 34
 7 29 48
 7 29 36
 7 29 40
 7 40 52
 7 40 56
 7 40 58
 7 40 60
 7 60 66
 7 58 62
 7 58 60
 7 48 58
 7 48 52
 7 52 60
 7 52 58
 7 52 56
 7 34 60
 7 34 58
 7 34 52
 7 34 40
 7 36 60
 7 36 58
 7 36 52
 7 36 40
 7 56 58
 5 29 60
 5 29 58
 5 29 52
 5 29 34
 5 29 40
 5 58 60
 5 52 60
 5 52 58
 5 34 58
 5 34 52
 5 40 52
 5 40 58
 5 40 60
 58 60 62 66
 56 58 60 62
 52 58 60 62
 52 58 60 66
 52 56 58 62
 52 56 58 60
 48 52 58 60
 40 52 60 66
 40 52 58 62
 40 52 58 60
 40 52 56 58
 40 52 56 60
 40 48 58 60
 40 48 52 60
 40 48 52 58
 40 56 58 62
 40 56 58 60
 40 58 60 62
 40 58 60 66
 36 58 60 62
 36 58 60 66
 36 56 58 60
 36 52 60 66
 36 52 58 62
 36 52 58 60
 36 52 56 58
 36 40 52 60
 36 40 52 58
 36 40 52 56
 36 40 48 60
 36 40 48 58
 36 40 48 52
 36 40 56 58
 36 40 58 62
 36 40 58 60
 36 40 60 66
 36 48 58 60
 36 48 52 60
 36 48 52 58
 34 58 60 66
 34 52 60 66
 34 52 58 62
 34 52 58 60
 34 52 56 58
 34 36 58 60
 34 36 52 60
 34 36 52 58
 34 36 40 52
 34 36 40 58
 34 36 40 60
 34 40 52 60
 34 40 52 58
 34 40 58 62
 34 40 58 60
 29 58 60 62
 29 58 60 66
 29 56 58 62
 29 56 58 60
 29 52 60 66
 29 52 58 62
 29 52 58 60
 29 52 56 58
 29 52 56 60
 29 34 60 66
 29 34 58 62
 29 34 58 60
 29 34 56 58
 29 34 52 60
 29 34 52 58
 29 34 36 60
 29 34 36 58
 29 34 36 52
 29 34 36 40
 29 34 40 52
 29 34 40 58
 29 34 40 60
 29 48 58 60
 29 48 52 60
 29 48 52 58
 29 36 60 66
 29 36 58 62
 29 36 58 60
 29 36 56 58
 29 36 52 60
 29 36 52 58
 29 36 52 56
 29 36 40 52
 29 36 40 48
 29 36 40 56
 29 36 40 58
 29 36 40 60
 29 36 48 60
 29 36 48 58
 29 36 48 52
 29 40 52 60
 29 40 52 58
 29 40 52 56
 29 40 48 60
 29 40 48 58
 29 40 48 52
 29 40 56 58
 29 40 56 60
 29 40 58 62
 29 40 58 60
 29 40 60 66
 7 29 60 66
 7 29 58 62
 7 29 58 60
 7 29 56 58
 7 29 52 60
 7 29 52 58
 7 29 52 56
 7 29 34 60
 7 29 34 58
 7 29 34 52
 7 29 34 40
 7 29 48 58
 7 29 36 60
 7 29 36 58
 7 29 36 52
 7 29 36 40
 7 29 40 52
 7 29 40 56
 7 29 40 58
 7 29 40 60
 7 40 52 60
 7 40 52 58
 7 40 52 56
 7 40 56 58
 7 40 58 62
 7 40 58 60
 7 40 60 66
 7 58 60 62
 7 58 60 66
 7 48 52 58
 7 52 60 66
 7 52 58 62
 7 52 58 60
 7 52 56 58
 7 34 58 60
 7 34 52 60
 7 34 52 58
 7 34 40 52
 7 34 40 58
 7 36 58 60
 7 36 52 60
 7 36 52 58
 7 36 40 52
 7 36 40 58
 7 36 40 60
 5 29 58 60
 5 29 52 60
 5 29 52 58
 5 29 34 58
 5 29 34 52
 5 29 40 52
 5 29 40 58
 5 29 40 60
 5 52 58 60
 5 34 52 58
 5 40 52 60
 5 40 52 58
 5 40 58 60
 52 58 60 62 66
 40 52 58 60 62
 40 52 58 60 66
 40 52 56 58 62
 40 52 56 58 60
 40 48 52 58 60
 40 58 60 62 66
 36 52 58 60 62
 36 52 58 60 66
 36 40 52 60 66
 36 40 52 58 62
 36 40 52 58 60
 36 40 52 56 58
 36 40 48 58 60
 36 40 48 52 60
 36 40 48 52 58
 36 40 58 60 62
 36 40 58 60 66
 36 48 52 58 60
 34 52 58 60 66
 34 36 52 58 60
 34 36 40 52 58
 34 40 52 58 62
 34 40 52 58 60
 29 58 60 62 66
 29 52 58 60 62
 29 52 58 60 66
 29 52 56 58 62
 29 52 56 58 60
 29 34 58 60 66
 29 34 52 58 62
 29 34 52 58 60
 29 34 36 58 60
 29 34 36 52 60
 29 34 36 52 58
 29 34 36 40 52
 29 34 36 40 58
 29 34 40 52 60
 29 34 40 52 58
 29 34 40 58 62
 29 34 40 58 60
 29 48 52 58 60
 29 36 58 60 62
 29 36 58 60 66
 29 36 52 60 66
 29 36 52 58 62
 29 36 52 58 60
 29 36 52 56 58
 29 36 40 52 60
 29 36 40 52 58
 29 36 40 52 56
 29 36 40 48 60
 29 36 40 48 58
 29 36 40 48 52
 29 36 40 56 58
 29 36 40 58 62
 29 36 40 58 60
 29 36 40 60 66
 29 36 48 58 60
 29 36 48 52 60
 29 36 48 52 58
 29 40 52 60 66
 29 40 52 58 62
 29 40 52 58 60
 29 40 52 56 58
 29 40 52 56 60
 29 40 48 58 60
 29 40 48 52 60
 29 40 48 52 58
 29 40 56 58 62
 29 40 56 58 60
 29 40 58 60 62
 29 40 58 60 66
 7 29 58 60 62
 7 29 58 60 66
 7 29 52 60 66
 7 29 52 58 62
 7 29 52 58 60
 7 29 52 56 58
 7 29 34 58 60
 7 29 34 52 58
 7 29 34 40 52
 7 29 34 40 58
 7 29 36 58 60
 7 29 36 52 60
 7 29 36 52 58
 7 29 36 40 52
 7 29 36 40 58
 7 29 36 40 60
 7 29 40 52 60
 7 29 40 52 58
 7 29 40 52 56
 7 29 40 56 58
 7 29 40 58 62
 7 29 40 58 60
 7 29 40 60 66
 7 40 52 58 62
 7 40 52 58 60
 7 40 52 56 58
 7 40 58 60 62
 7 40 58 60 66
 7 52 58 60 62
 7 52 58 60 66
 7 34 40 52 58
 7 36 52 58 60
 7 36 40 52 60
 7 36 40 52 58
 7 36 40 58 60
 5 29 52 58 60
 5 29 40 52 60
 5 29 40 52 58
 5 29 40 58 60
 5 40 52 58 60
 36 40 52 58 60 62
 36 40 52 58 60 66
 36 40 48 52 58 60
 29 34 36 52 58 60
 29 34 36 40 52 58
 29 34 40 52 58 62
 29 34 40 52 58 60
 29 36 52 58 60 62
 29 36 52 58 60 66
 29 36 40 52 60 66
 29 36 40 52 58 62
 29 36 40 52 58 60
 29 36 40 52 56 58
 29 36 40 48 58 60
 29 36 40 48 52 60
 29 36 40 48 52 58
 29 36 40 58 60 62
 29 36 40 58 60 66
 29 36 48 52 58 60
 29 40 52 58 60 62
 29 40 52 58 60 66
 29 40 52 56 58 62
 29 40 52 56 58 60
 29 40 48 52 58 60
 7 29 52 58 60 62
 7 29 52 58 60 66
 7 29 34 40 52 58
 7 29 36 52 58 60
 7 29 36 40 52 60
 7 29 36 40 52 58
 7 29 36 40 58 60
 7 29 40 52 58 62
 7 29 40 52 58 60
 7 29 40 52 56 58
 7 29 40 58 60 66
 7 36 40 52 58 60
 5 29 40 52 58 60
 29 36 40 52 58 60 62
 29 36 40 52 58 60 66
 29 36 40 48 52 58 60
 7 29 36 40 52 58 60
maximal_frequent_item_set:
 5  29  34  52 
 5  29  34  58 
 5  29  40  52  58  60 
 5  34  52  58 
 7  29  34  40  52  58 
 7  29  34  58  60 
 7  29  36  40  52  58  60 
 7  29  40  52  56  58 
 7  29  40  52  58  62 
 7  29  40  58  60  66 
 7  29  48  58 
 7  29  52  58  60  62 
 7  29  52  58  60  66 
 7  34  52  60 
 7  40  58  60  62 
 7  48  52  58 
 29  34  36  40  52  58 
 29  34  36  52  58  60 
 29  34  40  52  58  60 
 29  34  40  52  58  62 
 29  34  56  58 
 29  34  58  60  66 
 29  36  40  48  52  58  60 
 29  36  40  52  56  58 
 29  36  40  52  58  60  62 
 29  36  40  52  58  60  66 
 29  40  52  56  58  60 
 29  40  52  56  58  62 
 29  58  60  62  66 
 34  36  40  60 
 34  52  56  58 
 34  52  58  60  66 
 36  56  58  60 
 40  58  60  62  66 
 48  58  62 
 52  58  60  62  66 
 56  58  60  62 
